function IBeams = Ibeamsections()
% Ibeamsections returns a list on the common I-Beam sections including
% British Standard BS4 Part 1 1993, Continental IPN, Continental IPA, and
% Continental IPEA Sections. 
%
% I beam is considered to consist of two flanges connected by a vertical
% web.
% 
%  ________________
% |______   _______|          ^
%        | |           ^      |
%   tw ->| |<-         |      |
%        | |           | d    | h
%        | |    |      |      | 
%  ______| |____v__    v      |
% |________________|          v
%               ^
%               | t
% <---------------->
%         b
%
% With reference to the diagram above, the first column is the total depth
% of the section, h, the second column is the flange width, b, the third
% column is the web thickness, tw, the fourth is the flange thickness, t,
% the fifth is the rooth radius, r (a property of the curvature where the
% flange meets the web, not shown), and column six is the depth between
% fillets, d.
%
% see excel spreadsheet in N:\myhome\Postgrad_Research\Excel Spreadsheets\
% I-Beam Sections.xls for further details.
%

%             h          b         tw        t        r          d
IBeams = [78.000000, 46.000000, 3.300000, 4.200000, 5.000000, 60.000000;
    80.000000, 46.000000, 3.800000, 5.200000, 5.000000, 60.000000;
    80.000000, 42.000000, 3.900000, 5.900000, 3.900000, 59.000000;
    98.000000, 55.000000, 3.600000, 4.700000, 7.000000, 75.000000;
    100.000000, 55.000000, 4.100000, 5.700000, 7.000000, 75.000000;
    117.600000, 64.000000, 3.800000, 5.100000, 7.000000, 93.000000;
    100.000000, 50.000000, 4.500000, 6.800000, 4.500000, 75.000000;
    137.400000, 73.000000, 3.800000, 5.600000, 7.000000, 112.000000;
    120.000000, 64.000000, 4.400000, 6.300000, 7.000000, 93.000000;
    157.000000, 82.000000, 4.000000, 5.900000, 9.000000, 127.000000;
    120.000000, 58.000000, 5.100000, 7.700000, 5.100000, 92.000000;
    140.000000, 73.000000, 4.700000, 6.900000, 7.000000, 112.000000;
    177.000000, 91.000000, 4.300000, 6.500000, 9.000000, 146.000000;
    160.000000, 82.000000, 5.000000, 7.400000, 9.000000, 127.000000;
    140.000000, 66.000000, 5.700000, 8.600000, 5.700000, 109.000000;
    197.000000, 100.000000, 4.500000, 7.000000, 12.000000, 159.000000;
    180.000000, 91.000000, 5.300000, 8.000000, 9.000000, 146.000000;
    160.000000, 74.000000, 6.300000, 9.500000, 6.300000, 125.000000;
    217.000000, 110.000000, 5.000000, 7.700000, 12.000000, 178.000000;
    127.000000, 76.000000, 4.000000, 7.600000, 7.600000, 96.600000;
    200.000000, 100.000000, 5.600000, 8.500000, 12.000000, 159.000000;
    180.000000, 82.000000, 6.900000, 10.400000, 6.900000, 142.000000;
    237.000000, 120.000000, 5.200000, 8.300000, 15.000000, 190.000000;
    220.000000, 110.000000, 5.900000, 9.200000, 12.000000, 178.000000;
    152.400000, 88.700000, 4.500000, 7.700000, 7.600000, 121.800000;
    267.000000, 135.000000, 5.500000, 8.700000, 15.000000, 220.000000;
    200.000000, 90.000000, 7.500000, 11.300000, 7.500000, 159.000000;
    240.000000, 120.000000, 6.200000, 9.800000, 15.000000, 190.000000;
    177.800000, 101.200000, 4.800000, 7.900000, 7.600000, 146.800000;
    297.000000, 150.000000, 6.100000, 9.200000, 15.000000, 250.000000;
    270.000000, 135.000000, 6.600000, 10.200000, 15.000000, 220.000000;
    254.000000, 101.600000, 5.700000, 6.800000, 7.600000, 225.200000;
    203.200000, 101.800000, 5.400000, 9.300000, 7.600000, 169.400000;
    300.000000, 150.000000, 7.100000, 10.700000, 15.000000, 249.000000;
    327.000000, 160.000000, 6.500000, 10.000000, 18.000000, 271.000000;
    240.000000, 106.000000, 8.700000, 13.100000, 8.700000, 192.000000;
    305.100000, 101.600000, 5.800000, 7.000000, 7.600000, 275.900000;
    257.200000, 101.900000, 6.000000, 8.400000, 7.600000, 225.200000;
    203.200000, 133.200000, 5.700000, 7.800000, 7.600000, 172.400000;
    357.600000, 170.000000, 6.600000, 11.500000, 18.000000, 299.000000;
    308.700000, 101.800000, 6.000000, 8.800000, 7.600000, 275.900000;
    260.400000, 102.200000, 6.300000, 10.000000, 7.600000, 225.200000;
    260.000000, 113.000000, 9.400000, 14.100000, 9.400000, 209.000000;
    330.000000, 160.000000, 7.500000, 11.500000, 18.000000, 271.000000;
    206.800000, 133.900000, 6.400000, 9.600000, 7.600000, 172.400000;
    251.400000, 146.100000, 6.000000, 8.600000, 7.600000, 219.000000;
    312.700000, 102.400000, 6.600000, 10.800000, 7.600000, 275.900000;
    280.000000, 119.000000, 10.100000, 15.200000, 10.100000, 225.000000;
    397.000000, 180.000000, 7.000000, 12.000000, 21.000000, 331.000000;
    349.000000, 125.400000, 6.000000, 8.500000, 10.200000, 311.600000;
    360.000000, 170.000000, 8.000000, 12.700000, 18.000000, 299.000000;
    304.400000, 123.400000, 7.100000, 10.700000, 8.900000, 265.200000;
    256.000000, 146.400000, 6.300000, 10.900000, 7.600000, 219.000000;
    300.000000, 125.000000, 10.800000, 16.200000, 10.800000, 241.000000;
    398.000000, 141.800000, 6.400000, 8.600000, 10.200000, 360.400000;
    447.000000, 190.000000, 7.600000, 13.100000, 21.000000, 379.000000;
    353.400000, 126.000000, 6.600000, 10.700000, 10.200000, 311.600000;
    400.000000, 180.000000, 8.600000, 13.500000, 21.000000, 331.000000;
    303.400000, 165.000000, 6.000000, 10.200000, 8.900000, 265.200000;
    307.200000, 124.300000, 8.000000, 12.100000, 8.900000, 265.200000;
    320.000000, 131.000000, 11.500000, 17.300000, 11.500000, 258.000000;
    259.600000, 147.300000, 7.200000, 12.700000, 7.600000, 219.000000;
    351.400000, 171.100000, 7.000000, 9.700000, 10.200000, 311.600000;
    403.200000, 142.200000, 6.800000, 11.200000, 10.200000, 360.400000;
    306.600000, 165.700000, 6.700000, 11.800000, 8.900000, 265.200000;
    497.000000, 200.000000, 8.400000, 14.500000, 21.000000, 426.000000;
    450.000000, 190.000000, 9.400000, 14.600000, 21.000000, 379.000000;
    340.000000, 137.000000, 12.200000, 18.300000, 12.200000, 274.000000;
    311.000000, 125.300000, 9.000000, 14.000000, 8.900000, 265.200000;
    355.000000, 171.500000, 7.400000, 11.500000, 10.200000, 311.600000;
    449.800000, 152.400000, 7.600000, 10.900000, 10.200000, 407.600000;
    310.400000, 166.900000, 7.900000, 13.700000, 8.900000, 265.200000;
    402.600000, 177.700000, 7.700000, 10.900000, 10.200000, 360.400000;
    360.000000, 143.000000, 13.000000, 19.500000, 13.000000, 290.000000;
    547.000000, 210.000000, 9.000000, 15.700000, 24.000000, 468.000000;
    500.000000, 200.000000, 10.200000, 16.000000, 21.000000, 426.000000;
    358.000000, 172.200000, 8.100000, 13.000000, 10.200000, 311.600000;
    454.600000, 152.900000, 8.100000, 13.300000, 10.200000, 407.600000;
    406.400000, 177.900000, 7.900000, 12.800000, 10.200000, 360.400000;
    380.000000, 149.000000, 13.700000, 20.500000, 13.700000, 306.000000;
    597.000000, 220.000000, 9.800000, 17.500000, 24.000000, 514.000000;
    400.000000, 155.000000, 14.400000, 21.600000, 14.400000, 323.000000;
    550.000000, 210.000000, 11.100000, 17.200000, 24.000000, 468.000000;
    453.400000, 189.900000, 8.500000, 12.700000, 10.200000, 407.600000;
    409.400000, 178.800000, 8.800000, 14.300000, 10.200000, 360.400000;
    363.400000, 173.200000, 9.100000, 15.700000, 10.200000, 311.600000;
    458.000000, 153.800000, 9.000000, 15.000000, 10.200000, 407.600000;
    462.000000, 154.400000, 9.600000, 17.000000, 10.200000, 407.600000;
    412.800000, 179.500000, 9.500000, 16.000000, 10.200000, 360.400000;
    457.000000, 190.400000, 9.000000, 14.500000, 10.200000, 407.600000;
    600.000000, 220.000000, 12.000000, 19.000000, 24.000000, 514.000000;
    460.000000, 191.300000, 9.900000, 16.000000, 10.200000, 407.600000;
    528.300000, 208.800000, 9.600000, 13.200000, 12.700000, 476.500000;
    465.800000, 155.300000, 10.500000, 18.900000, 10.200000, 407.600000;
    450.000000, 170.000000, 16.200000, 24.300000, 16.200000, 363.000000;
